Dia,Casos
0,1
1,5
2,17
3,129
4,251
5,428
6,575
7,1150
8,2082
9,3079
10,3797
11,4773
12,5857
13,6176
14,5946
15,5917
16,5546
17,5489
18,5226
19,5445
20,5343
21,6625
22,6506
23,5887
24,5598
25,5855
26,6330
27,7228
28,7533
29,7180
30,5450
31,7021
32,6562
33,7013
34,8381
35,10519
36,8810
37,11512
38,10362
39,13430
40,17771
41,26460
42,29525
43,30691
44,24754
45,27151
46,39397
47,38035
48,33229
49,24094
50,21950
51,16845
52,15033
53,15175
54,13819
55,9671
56,11065
57,9151
58,6239
59,7809
60,6653
61,5638
62,4571
63,3330
64,3423
65,3316
66,3534
67,3839
68,4874
69,6225
70,9343
71,13179
72,20211
73,25289
74,28607
75,27322
76,22884
