Dia,Casos
0,0
1,0
2,0
3,0
4,0
5,0
6,1
7,0
8,1
9,3
10,1
11,0
12,0
13,0
14,2
15,3
16,4
17,1
18,2
19,3
20,2
21,3
22,16
23,23
24,26
25,23
26,10
27,28
28,35
29,31
30,64
31,36
32,22
33,17
34,46
35,63
36,46
37,71
38,65
39,62
40,39
41,82
42,58
43,70
44,85
45,99
46,64
47,59
48,140
49,144
50,139
51,150
52,174
53,128
54,123
55,292
56,265
57,256
58,270
59,356
60,213
61,216
62,506
63,486
64,464
65,418
66,570
67,310
68,284
69,547
70,614
71,650
72,608
73,406
74,381
75,346
76,792
77,647
78,742
79,781
80,856
81,451
82,418
83,878
84,881
85,928
86,850
87,1009
88,639
89,417
90,1133
91,1080
92,1092
93,1016
94,971
95,522
96,402
97,1093
98,953
99,1020
100,863
101,978
102,570
103,446
104,1116
105,947
106,1014
107,954
108,978
109,557
110,411
111,1056
112,1016
113,970
114,896
115,937
116,426
117,359
118,942
119,1002
120,971
121,956
122,897
123,466
124,298
125,899
126,901
127,832
128,855
129,936
130,382
131,338
132,982
133,939
134,1023
135,885
136,951
137,392
138,251
139,1004
140,961
141,962
142,757
143,882
144,426
145,272
146,1083
147,937
148,1231
149,1150
150,1195
151,673
152,276
153,1163
154,1172
155,1216
156,1126
157,1080
158,568
159,270
160,1074
161,1079
162,1089
163,1064
164,947
165,553
166,275
167,880
168,1045
169,1029
170,930
171,1007
172,481
173,202
174,904
175,1049
176,1041
177,1017
178,1048
179,484
180,198
181,1018
182,1198
183,1145
184,980
185,1096
186,518
187,288
188,1105
189,1094
190,1462
191,1279
192,1307
193,748
194,265
195,1073
196,1455
197,1499
198,1380
199,1259
200,672
201,261
202,1007
203,1395
204,1338
205,1238
206,1213
207,749
208,242
209,1005
210,798
211,237
212,1305
213,1175
214,665
215,271
216,999
217,1265
218,1220
219,1177
220,1157
221,757
222,312
223,1133
224,1235
225,1225
226,1190
227,1066
228,558
229,242
230,1046
231,1232
232,1246
233,1202
234,1209
235,557
236,308
237,1259
238,1381
239,1229
240,1350
241,1527
242,680
243,338
244,1876
245,1990
246,1753
247,1782
248,1893
249,789
250,325
251,1987
252,1925
253,1951
254,1708
255,1544
256,702
257,312
258,668
259,2168
260,2002
261,1964
262,1772
263,832
264,355
265,2419
266,2339
267,2143
268,2032
269,2030
270,931
271,437
272,450
273,2516
274,2170
275,1999
276,2154
277,1244
278,472
279,2875
280,2994
281,2766
282,2843
283,3116
284,1669
285,603
286,3780
287,4071
288,4392
289,4449
290,4623
291,2801
292,780
293,5344
294,5080
295,5062
296,5244
297,5143
298,2880
299,704
300,5412
301,5452
302,5177
303,5165
304,5590
305,2948
306,820
307,5539
308,5367
309,5187
310,4499
311,614
312,1956
313,1046
314,6085
315,6180
316,5605
317,4924
318,698
319,1886
320,1101
321,6757
322,6711
323,6629
324,6776
325,6695
326,3918
327,1311
328,7357
329,6892
330,6810
331,6592
332,6294
333,3746
334,1091
335,6610
336,6442
337,5742
338,5517
339,5543
340,3089
341,1074
342,5822
343,5847
344,5046
345,4633
346,4259
347,2385
348,795
349,1129
350,4499
351,3889
352,3660
353,3512
354,1908
355,549
356,3933
357,3091
358,2965
359,2654
360,2939
361,1720
362,512
363,2964
364,2793
365,2498
366,2426
367,2421
368,1357
369,478
370,3060
371,2751
372,2433
373,2425
374,2546
375,1523
376,530
377,2967
378,2609
379,2467
380,2306
381,2220
382,1257
383,487
384,2473
385,2088
386,1779
387,1867
388,1899
389,1039
390,453
391,546
392,2394
393,1951
394,1836
395,1610
396,958
397,350
398,1966
399,1821
400,1528
401,1527
402,1380
403,911
404,329
405,1655
406,1541
407,1412
408,589
409,444
410,332
411,288
412,1633
413,1419
414,1362
415,1248
416,1287
417,818
418,234
419,1441
420,1286
421,1179
422,1186
423,992
424,599
425,219
426,1192
427,1072
428,1080
429,890
430,864
431,563
432,170
433,999
434,971
435,878
436,778
437,744
438,222
439,187
440,791
441,616
442,675
443,598
444,618
445,379
446,90
447,354
448,682
449,614
450,505
451,605
452,306
453,108
454,603
455,611
456,527
457,549
458,583
459,300
460,120
461,626
462,665
463,655
464,544
465,641
466,282
467,112
468,635
469,674
470,682
471,595
472,635
473,310
474,106
475,837
476,884
477,888
478,776
479,786
480,437
481,148
482,955
483,957
484,990
485,1052
486,1078
487,608
488,216
489,1324
490,1476
491,1498
492,1569
493,1519
494,969
495,379
496,1933
497,1909
498,1920
499,2201
500,2271
501,1349
502,536
503,2993
504,3118
505,3437
506,3467
507,3206
508,1987
509,852
510,4144
511,4581
512,4400
513,4014
514,4051
515,2304
516,868
517,5071
518,5034
519,4898
520,4945
521,4371
522,2739
523,1208
524,5412
525,5073
526,4657
527,5018
528,4318
529,2245
530,1098
531,4913
532,4594
533,4086
534,4005
535,3569
536,2145
537,927
538,3558
539,2734
